          pid       age      meno      size     grade     nodes        pgr        er    hormon   rfstime    status
0   -1.699889 -0.361974 -1.136014 -0.803805 -0.215745 -0.533633  -0.541222 -0.644745 -0.745521  1.099191 -0.846498
1    1.194604  0.225765  0.878665 -0.661644  1.497711  1.956654  -0.541222 -0.644745 -0.745521 -1.113960  1.179182
3   -0.422140 -0.753800 -1.136014 -0.306242  1.497711 -0.711510  -0.541222 -0.617937 -0.745521 -1.462512 -0.846498
4   -1.703901  1.205329  0.878665  0.049160 -0.215745  0.000000  -0.541222 -0.403470  1.338895  1.125409 -0.846498
5    1.328998 -0.459930 -1.136014  1.612928 -0.215745  1.067266  -0.541222 -0.644745 -0.745521 -0.436906  1.179182
..        ...       ...       ...       ...       ...       ...        ...       ...       ...       ...       ...
678  0.171602  1.205329  0.878665 -0.874886 -1.929202 -0.711510   4.192993  0.695671 -0.745521 -0.244123 -0.846498
680  0.536673  1.401242  0.878665 -0.164082 -0.215745 -0.177878   5.119583  4.401923  1.338895  0.149155 -0.846498
683  1.094310  0.421677  0.878665  0.404562  1.497711 -0.711510   7.003142  0.755990  1.338895  0.334227 -0.846498
684 -0.488334 -0.851756 -1.136014 -0.590564 -0.215745 -0.355755   7.560109 -0.175599 -0.745521 -0.765408 -0.846498
685 -0.171404  2.674675  0.878665 -1.585690 -0.215745  0.355755  11.509508  5.869679  1.338895 -0.566456 -0.846498

[548 rows x 11 columns]